C
3.428,5.142,5.999,6.857,7.714,15.428,17.142,18.857,25.714,26.571,27.428,28.285,29.142,33.428,35.142,35.999,36.857,37.714,41.142,42.857,43.714,44.571,46.285,47.142,48.857,53.142,54.857,55.714,57.428,59.142,59.999,63.428,65.142,65.999,66.857,67.714,70.285,71.999,72.857,74.571,75.428,76.285,77.999,78.857,80.571,85.714,87.428,88.285,89.999,90.857,91.714,93.428,94.285,95.999,99.428,100.285,101.142,102.857,103.714,105.428,109.714,111.428,113.142,114.857,116.571,119.999,120.857,121.714,122.571,123.428,125.999,
G
6.857,7.714,8.571,9.428,10.285,11.142,11.999,12.857,13.714,18.857,19.714,20.571,21.428,22.285,23.142,23.999,24.857,29.142,29.999,30.857,31.714,32.571,33.428,35.999,36.857,37.714,38.571,39.428,40.285,41.142,44.571,45.428,46.285,47.142,47.999,48.857,49.714,50.571,55.714,56.571,57.428,58.285,59.142,59.999,60.857,61.714,62.571,63.428,65.999,66.857,67.714,68.571,69.428,70.285,71.142,71.999,75.428,76.285,77.142,77.999,82.285,83.142,83.999,84.857,88.285,89.142,89.999,90.857,91.714,92.571,95.999,96.857,97.714,98.571,99.428,100.285,101.142,104.571,105.428,106.285,107.142,107.999,113.142,113.999,114.857,115.714,116.571,117.428,118.285,119.142,119.999,120.857,121.714,122.571,
F
8.571,
E
8.571,
D
8.571,11.999,20.571,22.285,23.999,32.571,34.285,35.142,35.999,36.857,44.571,49.714,57.428,59.142,59.999,60.857,61.714,66.857,71.142,76.285,87.428,89.142,90.857,92.571,94.285,100.285,102.857,106.285,112.285,117.428,120.857,122.571,124.285,
