C
3.428,4.285,5.142,6.107,7.071,8.035,8.892,13.499,14.571,16.607,17.999,19.821,20.785,22.392,23.678,24.321,37.499,
E
9.964,11.035,11.999,13.821,14.892,16.928,18.428,20.142,20.999,22.714,23.357,25.392,26.357,28.392,31.071,31.285,32.249,33.321,34.821,35.357,36.428,37.071,38.249,40.285,41.035,41.249,42.107,43.392,45.857,47.464,47.785,48.749,49.714,50.999,51.749,52.607,53.249,54.107,55.178,56.357,57.214,58.285,59.357,60.321,61.821,63.535,65.571,67.285,70.178,70.499,71.142,71.464,73.821,74.142,74.785,75.107,75.749,76.071,77.571,77.892,78.535,78.857,80.249,82.071,84.107,86.249,91.071,91.607,93.535,95.035,96.964,99.642,100.928,103.607,104.999,106.285,107.035,108.857,110.249,110.999,112.607,113.249,113.999,114.964,115.607,116.249,116.892,117.642,117.964,118.607,119.249,120.964,122.249,123.321,123.964,124.607,125.678,126.428,126.964,127.714,129.214,129.857,
F
15.857,19.178,21.749,27.214,28.714,29.249,30.428,33.535,35.142,38.571,39.321,39.535,41.464,43.714,44.464,45.535,49.178,49.928,52.928,54.535,55.499,56.892,59.035,60.749,61.499,63.857,64.499,64.821,67.607,68.249,68.999,69.535,70.178,70.499,72.214,72.857,73.178,73.821,74.142,75.749,76.071,76.821,77.571,77.892,79.499,80.571,82.392,83.142,84.321,86.571,86.999,87.642,88.392,89.035,89.678,90.321,92.249,92.892,95.571,96.321,97.607,98.142,98.892,101.678,102.964,105.535,109.607,110.999,112.285,113.571,115.607,116.892,118.285,119.571,121.607,123.642,125.035,126.964,128.357,129.428,
D
25.071,26.035,28.071,31.928,32.999,34.392,35.678,37.499,42.428,43.071,46.499,47.142,48.428,50.678,51.964,53.892,56.035,57.535,57.964,59.571,62.142,62.785,66.214,66.964,71.142,71.464,72.857,73.178,74.785,75.107,76.821,78.535,78.857,79.499,83.142,91.285,94.285,100.285,104.357,107.678,108.321,109.607,110.357,110.999,113.035,114.321,114.964,116.142,116.892,117.642,118.928,120.321,122.999,124.285,125.678,127.607,128.464,130.071,
G
29.678,44.785,80.892,81.642,84.642,85.499,102.428,
