D
10.071,11.035,11.999,32.999,34.392,37.499,43.071,46.499,48.428,50.678,51.964,53.892,56.035,57.964,59.571,62.142,66.214,66.964,73.178,75.107,76.821,78.535,83.142,91.285,94.285,104.357,107.678,109.607,110.357,110.999,113.035,114.321,114.964,116.142,116.892,117.642,118.928,120.321,122.999,124.285,125.678,127.607,128.464,130.071,
C
14.571,16.607,19.821,20.785,22.392,23.678,
E
14.892,16.928,20.142,20.999,22.714,23.357,25.392,26.357,28.392,31.285,32.249,33.321,34.821,36.428,38.249,40.285,41.249,42.107,43.392,45.857,47.785,50.999,51.749,53.249,56.892,60.321,63.535,65.571,70.178,71.142,78.857,82.071,84.107,86.249,96.964,99.642,100.928,103.607,104.999,106.285,107.035,120.964,123.321,123.964,124.607,125.678,126.428,126.964,127.714,129.214,129.857,
F
27.214,29.249,30.428,35.142,39.321,43.714,45.535,49.178,54.535,55.499,59.035,61.499,64.499,67.607,68.999,74.142,75.749,77.571,79.499,80.571,83.142,87.642,89.035,90.321,92.249,95.571,98.142,105.535,109.607,110.999,112.285,113.571,115.607,116.892,118.285,119.571,121.607,123.642,125.035,126.964,128.357,129.428,
G
44.785,81.642,84.642,85.499,102.428,
