15.857
19.178
21.749
27.214
28.714
29.249
30.428
33.535
35.142
38.571
39.321
39.535
41.464
43.714
44.464
45.535
49.178
49.928
52.928
54.535
55.499
56.892
59.035
60.749
61.499
63.857
64.499
64.821
67.607
68.249
68.999
69.535
70.178
70.499
72.214
72.857
73.178
73.821
74.142
75.749
76.071
76.821
77.571
77.892
79.499
80.571
82.392
83.142
84.321
86.571
86.999
87.642
88.392
89.035
89.678
90.321
92.249
92.892
95.571
96.321
97.607
98.142
98.892
101.678
102.964
105.535
109.607
110.999
112.285
113.571
115.607
116.892
118.285
119.571
121.607
123.642
125.035
126.964
128.357
129.428
