9.964
11.035
11.999
13.821
14.892
16.928
18.428
20.142
20.999
22.714
23.357
25.392
26.357
28.392
31.071
31.285
32.249
33.321
34.821
35.357
36.428
37.071
38.249
40.285
41.035
41.249
42.107
43.392
45.857
47.464
47.785
48.749
49.714
50.999
51.749
52.607
53.249
54.107
55.178
56.357
57.214
58.285
59.357
60.321
61.821
63.535
65.571
67.285
70.178
70.499
71.142
71.464
73.821
74.142
74.785
75.107
75.749
76.071
77.571
77.892
78.535
78.857
80.249
82.071
84.107
86.249
91.071
91.607
93.535
95.035
96.964
99.642
100.928
103.607
104.999
106.285
107.035
108.857
110.249
110.999
112.607
113.249
113.999
114.964
115.607
116.249
116.892
117.642
117.964
118.607
119.249
120.964
122.249
123.321
123.964
124.607
125.678
126.428
126.964
127.714
129.214
129.857
